
R version 3.4.2 (2017-09-28) -- "Short Summer"
Copyright (C) 2017 The R Foundation for Statistical Computing
Platform: x86_64-w64-mingw32/x64 (64-bit)

R is free software and comes with ABSOLUTELY NO WARRANTY.
You are welcome to redistribute it under certain conditions.
Type 'license()' or 'licence()' for distribution details.

R is a collaborative project with many contributors.
Type 'contributors()' for more information and
'citation()' on how to cite R or R packages in publications.

Type 'demo()' for some demos, 'help()' for on-line help, or
'help.start()' for an HTML browser interface to help.
Type 'q()' to quit R.

> utils:::menuInstallLocal()
package ¡®nmw¡¯ successfully unpacked and MD5 sums checked
> require(nmw)
Loading required package: nmw
Loading required package: numDeriv
> 
> DataAll = Theoph
> colnames(DataAll) = c("ID", "BWT", "DOSE", "TIME", "DV")
> DataAll[,"ID"] = as.numeric(as.character(DataAll[,"ID"]))
> 
> require(lattice)
Loading required package: lattice
> xyplot(DV ~ TIME | as.factor(ID), data=DataAll, type="b")
> 
> nTheta = 3
> nEta = 3
> nEps = 2
> 
> THETAinit = c(2, 50, 0.1)
> OMinit = matrix(c(0.2, 0.1, 0.1, 0.1, 0.2, 0.1, 0.1, 0.1, 0.2), nrow=nEta, ncol=nEta) ; OMinit
     [,1] [,2] [,3]
[1,]  0.2  0.1  0.1
[2,]  0.1  0.2  0.1
[3,]  0.1  0.1  0.2
> SGinit = diag(c(0.1, 0.1)) ; SGinit
     [,1] [,2]
[1,]  0.1  0.0
[2,]  0.0  0.1
> 
> LB = rep(0, nTheta)
> UB = rep(1000000, nTheta)
> 
> FGD = deriv(~DOSE/(TH2*exp(ETA2))*TH1*exp(ETA1)/(TH1*exp(ETA1) - TH3*exp(ETA3))*(exp(-TH3*exp(ETA3)*TIME)-exp(-TH1*exp(ETA1)*TIME)),
+             c("ETA1","ETA2","ETA3"),
+             function.arg=c("TH1", "TH2", "TH3", "ETA1", "ETA2", "ETA3", "DOSE", "TIME"),
+             func=TRUE,
+             hessian=(e$METHOD == "LAPL"))
> H = deriv(~F + F*EPS1 + EPS2, c("EPS1", "EPS2"), function.arg=c("F", "EPS1", "EPS2"), func=TRUE)
> 
> PRED = function(THETA, ETA, DATAi)
+ {
+   FGDres = FGD(THETA[1], THETA[2], THETA[3], ETA[1], ETA[2], ETA[3], DOSE=320, DATAi[,"TIME"])
+   Gres = attr(FGDres, "gradient")
+   Hres = attr(H(FGDres, 0, 0), "gradient")
+ 
+   if (e$METHOD == "LAPL") {
+     Dres = attr(FGDres, "hessian")
+     Res = cbind(FGDres, Gres, Hres, Dres[,1,1], Dres[,2,1], Dres[,2,2], Dres[,3,])
+     colnames(Res) = c("F", "G1", "G2", "G3", "H1", "H2", "D11", "D21", "D22", "D31", "D32", "D33")
+   } else {
+     Res = cbind(FGDres, Gres, Hres)
+     colnames(Res) = c("F", "G1", "G2", "G3", "H1", "H2")
+   }
+   return(Res)
+ }
> 
> ####### First Order Approximation Method
> InitStep(DataAll, THETAinit=THETAinit, OMinit=OMinit, SGinit=SGinit, LB=LB, UB=UB, Pred=PRED, METHOD="ZERO")
> (EstRes = EstStep())           # 4 sec
$`Initial OFV`
[1] 141.3076

$Time
Time difference of 3.2693 secs

$Optim
$Optim$par
 [1]  0.560417594 -0.167835388  0.148962362  0.995143048  0.056166719  0.151227211 -1.032468525  0.005776729  0.110936464 -0.956899772 -0.205559310

$Optim$value
[1] 57.32106

$Optim$counts
function gradient 
      74       74 

$Optim$convergence
[1] 0

$Optim$message
[1] "CONVERGENCE: REL_REDUCTION_OF_F <= FACTR*EPSMCH"


$`Final Estimates`
 [1]  3.16946754 38.25213460  0.10501808  1.19823325  0.13747849  0.03134899  0.37015671  0.04340042  0.25068582  0.01207782  0.05427434

> (CovRes = CovStep())           # 2 sec
$Time
Time difference of 1.196858 secs

$`Standard Error`
 [1] 0.641076544 1.685217844 0.023072024 0.420617306 0.082197497 0.019812976 0.340273208 0.023052142 0.289524327 0.003576926 0.032078283

$`Covariance Matrix of Estimates`
               [,1]         [,2]          [,3]          [,4]          [,5]          [,6]          [,7]         [,8]          [,9]         [,10]         [,11]
 [1,]  0.4109791347  0.339158144  5.746694e-03  0.2058089645  2.003772e-03 -2.192524e-03  0.1215890847 9.971098e-04  0.0669924083  1.050012e-03 -4.972900e-03
 [2,]  0.3391581437  2.839959182  5.032613e-03  0.3376028346  3.490465e-02  1.280481e-02  0.1490893190 2.386563e-02  0.0573261514  1.807746e-03 -9.950377e-03
 [3,]  0.0057466939  0.005032613  5.323183e-04  0.0016294512 -1.041991e-03 -2.503963e-04  0.0071119003 6.271266e-05  0.0062260963  5.805488e-05 -4.790610e-04
 [4,]  0.2058089645  0.337602835  1.629451e-03  0.1769189182  1.951490e-02  3.207225e-03  0.0575731487 4.215844e-03  0.0179862543  5.143569e-04 -1.014500e-03
 [5,]  0.0020037724  0.034904655 -1.041991e-03  0.0195149026  6.756428e-03  1.504690e-03 -0.0101019780 8.584714e-04 -0.0130923877 -7.516774e-05  9.532948e-04
 [6,] -0.0021925236  0.012804811 -2.503963e-04  0.0032072246  1.504690e-03  3.925540e-04 -0.0028272756 2.326326e-04 -0.0032697941 -2.051327e-05  1.806783e-04
 [7,]  0.1215890847  0.149089319  7.111900e-03  0.0575731487 -1.010198e-02 -2.827276e-03  0.1157858558 3.116262e-03  0.0940102394  9.767199e-04 -3.860827e-03
 [8,]  0.0009971098  0.023865634  6.271266e-05  0.0042158445  8.584714e-04  2.326326e-04  0.0031162617 5.314013e-04  0.0018656807  2.786064e-05  2.199601e-04
 [9,]  0.0669924083  0.057326151  6.226096e-03  0.0179862543 -1.309239e-02 -3.269794e-03  0.0940102394 1.865681e-03  0.0838243357  8.055388e-04 -3.397016e-03
[10,]  0.0010500117  0.001807746  5.805488e-05  0.0005143569 -7.516774e-05 -2.051327e-05  0.0009767199 2.786064e-05  0.0008055388  1.279440e-05 -2.824858e-05
[11,] -0.0049728997 -0.009950377 -4.790610e-04 -0.0010145003  9.532948e-04  1.806783e-04 -0.0038608273 2.199601e-04 -0.0033970159 -2.824858e-05  1.029016e-03

$`Correlation Matrix of Estimates`
             [,1]       [,2]       [,3]        [,4]        [,5]       [,6]       [,7]       [,8]       [,9]      [,10]       [,11]
 [1,]  1.00000000  0.3139325  0.3885281  0.76325079  0.03802594 -0.1726174  0.5573871 0.06747173  0.3609364  0.4579038 -0.24181804
 [2,]  0.31393253  1.0000000  0.1294350  0.47628061  0.25198153  0.3835018  0.2599936 0.61433553  0.1174929  0.2998965 -0.18406548
 [3,]  0.38852814  0.1294350  1.0000000  0.16790689 -0.54943908 -0.5477629  0.9058832 0.11791205  0.9320626  0.7034659 -0.64728263
 [4,]  0.76325079  0.4762806  0.1679069  1.00000000  0.56444374  0.3848509  0.4022584 0.43479661  0.1476959  0.3418751 -0.07518893
 [5,]  0.03802594  0.2519815 -0.5494391  0.56444374  1.00000000  0.9239295 -0.3611770 0.45306025 -0.5501425 -0.2556601  0.36154098
 [6,] -0.17261745  0.3835018 -0.5477629  0.38485092  0.92392947  1.0000000 -0.4193635 0.50934216 -0.5700142 -0.2894510  0.28427925
 [7,]  0.55738714  0.2599936  0.9058832  0.40225837 -0.36117699 -0.4193635  1.0000000 0.39727833  0.9542504  0.8024764 -0.35370524
 [8,]  0.06747173  0.6143355  0.1179121  0.43479661  0.45306025  0.5093422  0.3972783 1.00000000  0.2795381  0.3378856  0.29745513
 [9,]  0.36093637  0.1174929  0.9320626  0.14769593 -0.55014251 -0.5700142  0.9542504 0.27953807  1.0000000  0.7778421 -0.36576437
[10,]  0.45790382  0.2998965  0.7034659  0.34187510 -0.25566008 -0.2894510  0.8024764 0.33788563  0.7778421  1.0000000 -0.24619292
[11,] -0.24181804 -0.1840655 -0.6472826 -0.07518893  0.36154098  0.2842792 -0.3537052 0.29745513 -0.3657644 -0.2461929  1.00000000

$`Inverse Covariance Matrix of Estimates`
             [,1]         [,2]        [,3]        [,4]        [,5]         [,6]         [,7]        [,8]         [,9]      [,10]        [,11]
 [1,]   106.16085    -68.57396    6449.005    335.8698   -2554.409    -386.8789   -1202.1635   10794.576    -49.38187   11656.77   -1043.1150
 [2,]   -68.57396     58.03937   -4878.746   -302.1420    2175.297     570.2226     939.9968   -8973.046     87.68163  -10122.85    1001.7464
 [3,]  6449.00514  -4878.74594  589180.809  26966.6055 -188642.065  -66147.0986  -90186.4639  795473.397 -10522.26321  899033.06  -47225.4381
 [4,]   335.86981   -302.14199   26966.605   1681.5577  -11681.346   -3404.8900   -5086.8917   47387.233   -442.61268   53311.64   -4879.5431
 [5,] -2554.40932   2175.29716 -188642.065 -11681.3456   84767.297   13635.5106   35747.1396 -336778.082   3308.45066 -378718.16   35063.0376
 [6,]  -386.87894    570.22260  -66147.099  -3404.8900   13635.511   72186.1449   10923.7488 -116902.668   2827.92008 -138707.39   15687.7641
 [7,] -1202.16352    939.99684  -90186.464  -5086.8917   35747.140   10923.7488   16640.0641 -149635.854    965.72182 -166637.08   14275.7793
 [8,] 10794.57609  -8973.04621  795473.397  47387.2333 -336778.082 -116902.6684 -149635.8536 1416416.077 -14025.69870 1587796.18 -151936.7362
 [9,]   -49.38187     87.68163  -10522.263   -442.6127    3308.451    2827.9201     965.7218  -14025.699    954.65511  -20047.21     935.2988
[10,] 11656.77324 -10122.84537  899033.055  53311.6422 -378718.161 -138707.3931 -166637.0784 1587796.183 -20047.20949 2031529.82 -170271.3406
[11,] -1043.11500   1001.74635  -47225.438  -4879.5431   35063.038   15687.7641   14275.7793 -151936.736    935.29881 -170271.34   28036.5550

$`Eigen Values`
 [1] 0.0002519304 0.0096729015 0.0108358602 0.0233184643 0.0520725533 0.2982375053 0.5047779131 0.9114702297 1.2088053283 3.2082379737 4.7723193401

$`R Matrix`
             [,1]         [,2]         [,3]         [,4]         [,5]        [,6]        [,7]        [,8]         [,9]        [,10]        [,11]
 [1,]   17.924787   -1.3343223  -162.767654   -4.1309683    21.546405    10.22593  -11.022690    52.30435     7.044855    248.45648    -1.752135
 [2,]   -1.334322    0.5507357    -7.672315    0.1118322    -1.462878   -16.52104    2.984907   -18.24571    -2.233895   -120.79912    -5.205228
 [3,] -162.767654   -7.6723148 34333.363150   86.0269293   433.962384    13.38769  -90.741373   956.48206 -1350.939646  -7033.21248 -1992.414213
 [4,]   -4.130968    0.1118322    86.026929   28.6263094  -177.270130   272.93708  -52.926190   164.31581    24.453696     50.23288     6.012060
 [5,]   21.546405   -1.4628778   433.962384 -177.2701302  1930.445843 -4270.87883  210.709300 -1421.95750   -43.763546  -1013.85669   124.417556
 [6,]   10.225928  -16.5210396    13.387686  272.9370786 -4270.878832 16610.43942 -139.814385  1113.59904    18.726078   4680.59998   -46.029614
 [7,]  -11.022690    2.9849069   -90.741373  -52.9261900   210.709300  -139.81438  213.228947  -555.99366  -151.083275     96.25915   -62.941133
 [8,]   52.304346  -18.2457139   956.482064  164.3158075 -1421.957500  1113.59904 -555.993663  4043.51428   130.794770   -555.76917  -201.267605
 [9,]    7.044855   -2.2338946 -1350.939646   24.4536958   -43.763546    18.72608 -151.083275   130.79477   236.875935    -20.42601    92.656857
[10,]  248.456482 -120.7991176 -7033.212482   50.2328789 -1013.856688  4680.59998   96.259149  -555.76917   -20.426010 192857.05263  6568.909257
[11,]   -1.752135   -5.2052276 -1992.414213    6.0120604   124.417556   -46.02961  -62.941133  -201.26760    92.656857   6568.90926  3974.804398

$`S Matrix`
              [,1]         [,2]         [,3]         [,4]        [,5]        [,6]          [,7]         [,8]         [,9]       [,10]        [,11]
 [1,]    78.316509   -4.6468525  -1295.13192   -11.873085   142.72165  -145.83518   -26.7074010     44.37513    13.946014   2039.6480    279.50082
 [2,]    -4.646852    0.7648878     64.36589     2.623533   -28.61925    29.49059     0.2387057     10.76141    -4.404221   -397.4746    -47.31112
 [3,] -1295.131915   64.3658917 183632.39790  -230.636173   840.38211  9000.10289  3794.2770370 -10813.66435 -6396.751456  -4148.0264 -60483.51062
 [4,]   -11.873085    2.6235332   -230.63617    18.368716  -171.71679   291.77961   -19.6869516     84.84179     3.480210  -1170.2797    -22.72923
 [5,]   142.721653  -28.6192545    840.38211  -171.716794  2005.81552 -3809.95407    51.7613883   -765.19107    87.901295   8916.7758    670.78875
 [6,]  -145.835176   29.4905947   9000.10289   291.779615 -3809.95407 12023.28652   188.5688359    667.62858  -711.894529  -3829.1367  -3489.01512
 [7,]   -26.707401    0.2387057   3794.27704   -19.686952    51.76139   188.56884   129.3349739   -292.66398  -155.764410   1796.9713  -1105.92310
 [8,]    44.375129   10.7614124 -10813.66435    84.841787  -765.19107   667.62858  -292.6639799   1121.03185   294.247258 -10631.8774   2773.71160
 [9,]    13.946014   -4.4042212  -6396.75146     3.480210    87.90129  -711.89453  -155.7644099    294.24726   327.282119   1812.2113   2358.45500
[10,]  2039.647982 -397.4745827  -4148.02643 -1170.279733  8916.77585 -3829.13667  1796.9713202 -10631.87742  1812.211286 419517.6543  18067.42672
[11,]   279.500822  -47.3111189 -60483.51062   -22.729230   670.78875 -3489.01512 -1105.9231026   2773.71160  2358.454995  18067.4267  24042.66052

> PostHocEta() # FinalPara from EstStep()
      ID       ETA1         ETA2        ETA3
 [1,]  1 -0.6367109 -0.232258352 -0.73648224
 [2,]  2 -0.5895843 -0.153341805 -0.06619115
 [3,]  3 -0.3083755 -0.124816676 -0.21013190
 [4,]  4 -1.0305984 -0.186821177 -0.21195510
 [5,]  5 -0.8235560 -0.302352128 -0.24453948
 [6,]  6 -1.0025271  0.068181532 -0.08745089
 [7,]  7 -1.4316285 -0.097903076 -0.13802639
 [8,]  8 -0.7541785 -0.039239022 -0.19621190
 [9,]  9  0.7875803  0.010757282 -0.19937965
[10,] 10 -1.4555649 -0.369057237 -0.40057582
[11,] 11  0.1541451 -0.005061315 -0.08005791
[12,] 12 -1.2863346 -0.388864841 -0.10134440
> TabStep()
    ID  TIME    DV      PRED         RES        WRES          G1         G2          G3        H1 H2
1    1  0.00  0.74 0.0000000  0.74000000  3.17639455  0.00000000  0.0000000  0.00000000 0.0000000  1
2    1  0.25  2.84 4.5105405 -1.67054054 -0.14108575  2.94951176 -4.5105405 -0.06669849 4.5105405  1
3    1  0.57  6.57 6.7287024 -0.15870243  0.45368380  2.33622282 -6.7287024 -0.25724046 6.7287024  1
4    1  1.12 10.50 7.4435438  3.05645624  1.99836791  0.62732513 -7.4435438 -0.64966087 7.4435438  1
5    1  2.02  9.66 6.9840518  2.67594820  0.36140614 -0.14751482 -6.9840518 -1.24527303 6.9840518  1
6    1  3.82  8.58 5.7929403  2.78705968 -0.21284418 -0.19794481 -5.7929403 -2.12544472 5.7929403  1
7    1  5.10  8.36 5.0643456  3.29565442  0.25741091 -0.17354078 -5.0643456 -2.53887039 5.0643456  1
8    1  7.03  7.47 4.1352186  3.33478142  0.06680025 -0.14171309 -4.1352186 -2.91122412 4.1352186  1
9    1  9.05  6.89 3.3447892  3.54521083  0.52962876 -0.11462527 -3.3447892 -3.06430799 3.3447892  1
10   1 12.12  5.94 2.4229799  3.51702008  1.08980251 -0.08303505 -2.4229799 -3.00098020 2.4229799  1
11   1 24.37  3.28 0.6693332  2.61066684  3.82053288 -0.02293792 -0.6693332 -1.69008018 0.6693332  1
12   2  0.00  0.00 0.0000000  0.00000000  0.00000000  0.00000000  0.0000000  0.00000000 0.0000000  1
13   2  0.27  1.72 4.7334772 -3.01347724 -2.90552140  2.98428665 -4.7334772 -0.07625899 4.7334772  1
14   2  0.52  7.91 6.5276262  1.38237375  2.82857260  2.52006524 -6.5276262 -0.22368205 6.5276262  1
15   2  1.00  8.31 7.4260572  0.88394277  0.55102119  0.89798728 -7.4260572 -0.56356727 7.4260572  1
16   2  1.92  8.33 7.0525860  1.27741399  0.23615161 -0.12185959 -7.0525860 -1.18432597 7.0525860  1
17   2  3.50  6.85 5.9908424  0.85915757 -0.39224456 -0.20384452 -5.9908424 -1.99675713 5.9908424  1
18   2  5.02  6.08 5.1070724  0.97292759 -0.17985276 -0.17500143 -5.1070724 -2.51738363 5.1070724  1
19   2  7.03  5.40 4.1352186  1.26478142  0.53454627 -0.14171309 -4.1352186 -2.91122412 4.1352186  1
20   2  9.00  4.55 3.3623985  1.18760147  0.67765825 -0.11522874 -3.3623985 -3.06278506 3.3623985  1
21   2 12.00  3.01 2.4537079  0.55629207 -0.50792168 -0.08408809 -2.4537079 -3.00811632 2.4537079  1
22   2 24.30  0.90 0.6742717  0.22572827 -0.25781772 -0.02310716 -0.6742717 -1.69759344 0.6742717  1
23   3  0.00  0.00 0.0000000  0.00000000  0.00000000  0.00000000  0.0000000  0.00000000 0.0000000  1
24   3  0.27  4.40 4.7334772 -0.33347724  0.16643041  2.98428665 -4.7334772 -0.07625899 4.7334772  1
25   3  0.58  6.90 6.7644741  0.13552586  0.20682134  2.29854527 -6.7644741 -0.26405200 6.7644741  1
26   3  1.02  8.20 7.4320474  0.76795256  0.30303120  0.84862832 -7.4320474 -0.57797238 7.4320474  1
27   3  2.02  7.80 6.9840518  0.81594820 -0.14024708 -0.14751482 -6.9840518 -1.24527303 6.9840518  1
28   3  3.62  7.50 5.9158585  1.58414145  0.73349830 -0.20170265 -5.9158585 -2.04630397 5.9158585  1
29   3  5.08  6.20 5.0749937  1.12500634 -0.02700159 -0.17390486 -5.0749937 -2.53354922 5.0749937  1
30   3  7.07  5.30 4.1178841  1.18211589  0.02356475 -0.14111904 -4.1178841 -2.91631861 4.1178841  1
31   3  9.00  4.90 3.3623985  1.53760147  0.88506577 -0.11522874 -3.3623985 -3.06278506 3.3623985  1
32   3 12.15  3.70 2.4153582  1.28464177  0.64477191 -0.08277385 -2.4153582 -2.99915005 2.4153582  1
33   3 24.17  1.05 0.6835403  0.36645975 -0.72203173 -0.02342479 -0.6835403 -1.71159657 0.6835403  1
34   4  0.00  0.00 0.0000000  0.00000000  0.00000000  0.00000000  0.0000000  0.00000000 0.0000000  1
35   4  0.35  1.89 5.4866030 -3.59660300 -1.16612110  2.97726667 -5.4866030 -0.11852229 5.4866030  1
36   4  0.60  4.60 6.8319391 -2.23193906 -0.71485087  2.22270782 -6.8319391 -0.27776264 6.8319391  1
37   4  1.07  8.60 7.4413541  1.15864592  1.07819715  0.73277077 -7.4413541 -0.61389590 7.4413541  1
38   4  2.13  8.38 6.9078934  1.47210655  0.01836085 -0.16840602 -6.9078934 -1.31074821 6.9078934  1
39   4  3.50  7.54 5.9908424  1.54915757 -0.13888700 -0.20384452 -5.9908424 -1.99675713 5.9908424  1
40   4  5.02  6.88 5.1070724  1.77292759  0.11059912 -0.17500143 -5.1070724 -2.51738363 5.1070724  1
41   4  7.02  5.78 4.1395636  1.64043641 -0.12502285 -0.14186199 -4.1395636 -2.90993575 4.1395636  1
42   4  9.02  5.33 3.3553437  1.97465631  0.76349008 -0.11498697 -3.3553437 -3.06340629 3.3553437  1
43   4 11.98  4.19 2.4588670  1.73113298  0.69510019 -0.08426489 -2.4588670 -3.00927658 2.4588670  1
44   4 24.65  1.15 0.6499379  0.50006207 -0.82689585 -0.02227325 -0.6499379 -1.66021829 0.6499379  1
45   5  0.00  0.00 0.0000000  0.00000000  0.00000000  0.00000000  0.0000000  0.00000000 0.0000000  1
46   5  0.30  2.02 5.0405264 -3.02052641 -1.45580347  3.00626584 -5.0405264 -0.09140013 5.0405264  1
47   5  0.52  5.63 6.5276262 -0.89762625  0.28050030  2.52006524 -6.5276262 -0.22368205 6.5276262  1
48   5  1.00 11.40 7.4260572  3.97394277  3.42639135  0.89798728 -7.4260572 -0.56356727 7.4260572  1
49   5  2.02  9.33 6.9840518  2.34594820 -0.08184149 -0.14751482 -6.9840518 -1.24527303 6.9840518  1
50   5  3.50  8.74 5.9908424  2.74915757  0.25653096 -0.20384452 -5.9908424 -1.99675713 5.9908424  1
51   5  5.02  7.56 5.1070724  2.45292759 -0.16479543 -0.17500143 -5.1070724 -2.51738363 5.1070724  1
52   5  7.02  7.09 4.1395636  2.95043641  0.98243801 -0.14186199 -4.1395636 -2.90993575 4.1395636  1
53   5  9.10  5.90 3.3272720  2.57272796  0.67944886 -0.11402496 -3.3272720 -3.06573096 3.3272720  1
54   5 12.00  4.37 2.4537079  1.91629207 -0.21023213 -0.08408809 -2.4537079 -3.00811632 2.4537079  1
55   5 24.35  1.57 0.6707405  0.89925952  0.03590922 -0.02298614 -0.6707405 -1.69222489 0.6707405  1
56   6  0.00  0.00 0.0000000  0.00000000  0.00000000  0.00000000  0.0000000  0.00000000 0.0000000  1
57   6  0.27  1.29 4.7334772 -3.44347724 -1.04134258  2.98428665 -4.7334772 -0.07625899 4.7334772  1
58   6  0.58  3.08 6.7644741 -3.68447414 -1.83670404  2.29854527 -6.7644741 -0.26405200 6.7644741  1
59   6  1.15  6.44 7.4418947 -1.00189469 -0.17860339  0.56883584 -7.4418947 -0.67102955 7.4418947  1
60   6  2.03  6.32 6.9771535 -0.65715354 -0.55926818 -0.14970280 -6.9771535 -1.25129300 6.9771535  1
61   6  3.57  5.53 5.9469889 -0.41698887 -0.54431104 -0.20260887 -5.9469889 -2.02585006 5.9469889  1
62   6  5.00  4.94 5.1178103 -0.17781031 -0.34962908 -0.17536838 -5.1178103 -2.51192735 5.1178103  1
63   6  7.00  4.02 4.1482673 -0.12826731 -0.46838159 -0.14216026 -4.1482673 -2.90734122 4.1482673  1
64   6  9.22  3.46 3.2856043  0.17439571  0.01681945 -0.11259701 -3.2856043 -3.06874426 3.2856043  1
65   6 12.10  2.78 2.4280744  0.35192560  0.41650942 -0.08320963 -2.4280744 -3.00219013 2.4280744  1
66   6 23.85  0.92 0.7069015  0.21309850  0.20637760 -0.02422538 -0.7069015 -1.74633755 0.7069015  1
67   7  0.00  0.15 0.0000000  0.15000000  0.64386376  0.00000000  0.0000000  0.00000000 0.0000000  1
68   7  0.25  0.85 4.5105405 -3.66054054 -0.48141568  2.94951176 -4.5105405 -0.06669849 4.5105405  1
69   7  0.50  2.35 6.4359054 -4.08590537 -1.65373267  2.59032941 -6.4359054 -0.21052276 6.4359054  1
70   7  1.02  5.02 7.4320474 -2.41204744 -1.84452458  0.84862832 -7.4320474 -0.57797238 7.4320474  1
71   7  2.02  6.58 6.9840518 -0.40405180 -1.02532537 -0.14751482 -6.9840518 -1.24527303 6.9840518  1
72   7  3.48  7.09 6.0034303  1.08656974  0.51273799 -0.20418922 -6.0034303 -1.98834607 6.0034303  1
73   7  5.00  6.66 5.1178103  1.54218969  1.07968419 -0.17536838 -5.1178103 -2.51192735 5.1178103  1
74   7  6.98  5.25 4.1569893  1.09301067  0.16995205 -0.14245916 -4.1569893 -2.90472293 4.1569893  1
75   7  9.00  4.39 3.3623985  1.02760147 -0.06605401 -0.11522874 -3.3623985 -3.06278506 3.3623985  1
76   7 12.05  3.53 2.4408575  1.08914248  0.14387861 -0.08364771 -2.4408575 -3.00517909 2.4408575  1
77   7 24.22  1.15 0.6799605  0.47003954 -0.50294408 -0.02330211 -0.6799605 -1.70620311 0.6799605  1
78   8  0.00  0.00 0.0000000  0.00000000  0.00000000  0.00000000  0.0000000  0.00000000 0.0000000  1
79   8  0.25  3.05 4.5105405 -1.46054054  0.83502189  2.94951176 -4.5105405 -0.06669849 4.5105405  1
80   8  0.52  3.05 6.5276262 -3.47762625 -2.62399662  2.52006524 -6.5276262 -0.22368205 6.5276262  1
81   8  0.98  7.31 7.4186398 -0.10863979  0.30531883  0.94910346 -7.4186398 -0.54914595 7.4186398  1
82   8  2.02  7.56 6.9840518  0.57594820  0.11973580 -0.14751482 -6.9840518 -1.24527303 6.9840518  1
83   8  3.53  6.59 5.9720093  0.61799074 -0.06295213 -0.20332020 -5.9720093 -2.00929121 5.9720093  1
84   8  5.05  5.88 5.0910078  0.78899223  0.07452790 -0.17445234 -5.0910078 -2.52550442 5.0910078  1
85   8  7.15  4.73 4.0834329  0.64656715 -0.30616022 -0.13993841 -4.0834329 -2.92622670 4.0834329  1
86   8  9.07  4.57 3.3377713  1.23222872  0.96630341 -0.11438477 -3.3377713 -3.06488911 3.3377713  1
87   8 12.10  3.00 2.4280744  0.57192560 -0.57486099 -0.08320963 -2.4280744 -3.00219013 2.4280744  1
88   8 24.12  1.25 0.6871389  0.56286110  0.54415825 -0.02354812 -0.6871389 -1.71699954 0.6871389  1
89   9  0.00  0.00 0.0000000  0.00000000  0.00000000  0.00000000  0.0000000  0.00000000 0.0000000  1
90   9  0.30  7.37 5.0405264  2.32947359  0.86221870  3.00626584 -5.0405264 -0.09140013 5.0405264  1
91   9  0.63  9.03 6.9235672  2.10643277  1.26033044  2.10842376 -6.9235672 -0.29852644 6.9235672  1
92   9  1.05  7.14 7.4385514 -0.29855144 -0.69797180  0.77783748 -7.4385514 -0.59954344 7.4385514  1
93   9  2.02  6.33 6.9840518 -0.65405180 -0.60420049 -0.14751482 -6.9840518 -1.24527303 6.9840518  1
94   9  3.53  5.66 5.9720093 -0.31200926 -0.36722916 -0.20332020 -5.9720093 -2.00929121 5.9720093  1
95   9  5.02  5.67 5.1070724  0.56292759  0.79118797 -0.17500143 -5.1070724 -2.51738363 5.1070724  1
96   9  7.17  4.24 4.0748652  0.16513483 -0.13861942 -0.13964480 -4.0748652 -2.92864570 4.0748652  1
97   9  8.80  4.11 3.4337679  0.67623205  0.81073160 -0.11767455 -3.4337679 -3.05567341 3.4337679  1
98   9 11.60  3.16 2.5589770  0.60102303  0.55433638 -0.08769564 -2.5589770 -3.02967505 2.5589770  1
99   9 24.43  1.12 0.6651289  0.45487111  0.60449649 -0.02279384 -0.6651289 -1.68365536 0.6651289  1
100 10  0.00  0.24 0.0000000  0.24000000  1.03018202  0.00000000  0.0000000  0.00000000 0.0000000  1
101 10  0.37  2.89 5.6443647 -2.75436470  0.51894015  2.94720573 -5.6443647 -0.12995286 5.6443647  1
102 10  0.77  5.22 7.2263530 -2.00635301 -1.37883792  1.59191380 -7.2263530 -0.39765807 7.2263530  1
103 10  1.02  6.41 7.4320474 -1.02204744 -1.52092354  0.84862832 -7.4320474 -0.57797238 7.4320474  1
104 10  2.05  7.83 6.9633387  0.86666131 -1.52499552 -0.15389396 -6.9633387 -1.26329226 6.9633387  1
105 10  3.55 10.21 5.9594861  4.25051385  2.22078929 -0.20296618 -5.9594861 -2.01759247 5.9594861  1
106 10  5.05  9.18 5.0910078  4.08899223  1.71681656 -0.17445234 -5.0910078 -2.52550442 5.0910078  1
107 10  7.08  8.02 4.1135619  3.90643814  1.20954025 -0.14097092 -4.1135619 -2.91757754 4.1135619  1
108 10  9.38  7.14 3.2308579  3.90914213  1.34019094 -0.11072087 -3.2308579 -3.07189903 3.2308579  1
109 10 12.10  5.68 2.4280744  3.25192560  0.17291597 -0.08320963 -2.4280744 -3.00219013 2.4280744  1
110 10 23.70  2.42 0.7181253  1.70187472 -0.39657378 -0.02461001 -0.7181253 -1.76275250 0.7181253  1
111 11  0.00  0.00 0.0000000  0.00000000  0.00000000  0.00000000  0.0000000  0.00000000 0.0000000  1
112 11  0.25  4.86 4.5105405  0.34945946 -0.16070337  2.94951176 -4.5105405 -0.06669849 4.5105405  1
113 11  0.50  7.24 6.4359054  0.80409463  0.56633576  2.59032941 -6.4359054 -0.21052276 6.4359054  1
114 11  0.98  8.00 7.4186398  0.58136021  0.46978775  0.94910346 -7.4186398 -0.54914595 7.4186398  1
115 11  1.98  6.81 7.0115733 -0.20157329 -0.34482614 -0.13811021 -7.0115733 -1.22105737 7.0115733  1
116 11  3.60  5.87 5.9282913 -0.05829135 -0.24131385 -0.20206722 -5.9282913 -2.03815490 5.9282913  1
117 11  5.02  5.22 5.1070724  0.11292759 -0.04346666 -0.17500143 -5.1070724 -2.51738363 5.1070724  1
118 11  7.03  4.45 4.1352186  0.31478142  0.28423094 -0.14171309 -4.1352186 -2.91122412 4.1352186  1
119 11  9.03  3.62 3.3518218  0.26817818  0.18736696 -0.11486628 -3.3518218 -3.06371087 3.3518218  1
120 11 12.12  2.69 2.4229799  0.26702008  0.21043402 -0.08303505 -2.4229799 -3.00098020 2.4229799  1
121 11 24.08  0.86 0.6900314  0.16996855  0.20454354 -0.02364724 -0.6900314 -1.72132872 0.6900314  1
122 12  0.00  0.00 0.0000000  0.00000000  0.00000000  0.00000000  0.0000000  0.00000000 0.0000000  1
123 12  0.25  1.25 4.5105405 -3.26054054 -0.25227675  2.94951176 -4.5105405 -0.06669849 4.5105405  1
124 12  0.50  3.96 6.4359054 -2.47590537 -0.61342647  2.59032941 -6.4359054 -0.21052276 6.4359054  1
125 12  1.00  7.82 7.4260572  0.39394277 -0.34566091  0.89798728 -7.4260572 -0.56356727 7.4260572  1
126 12  2.00  9.72 6.9978278  2.72217221  0.48715113 -0.14294628 -6.9978278 -1.23319237 6.9978278  1
127 12  3.52  9.75 5.9782805  3.77171949  1.70477878 -0.20349590 -5.9782805 -2.00512416 5.9782805  1
128 12  5.07  8.57 5.0803261  3.48967391  1.45295275 -0.17408718 -5.0803261 -2.53087604 5.0803261  1
129 12  7.07  6.59 4.1178841  2.47211589 -0.13487891 -0.14111904 -4.1178841 -2.91631861 4.1178841  1
130 12  9.03  6.11 3.3518218  2.75817818  0.82533171 -0.11486628 -3.3518218 -3.06371087 3.3518218  1
131 12 12.05  4.57 2.4408575  2.12914248  0.06599923 -0.08364771 -2.4408575 -3.00517909 2.4408575  1
132 12 24.15  1.17 0.6849774  0.48502256 -1.99982505 -0.02347404 -0.6849774 -1.71375662 0.6849774  1
> 
> ######## First Order Conditional Estimation with Interaction Method
> InitStep(DataAll, THETAinit=THETAinit, OMinit=OMinit, SGinit=SGinit, LB=LB, UB=UB, Pred=PRED, METHOD="COND")
> (EstRes = EstStep())           # 1.7 min
$`Initial OFV`
[1] 188.7005

$Time
Time difference of 1.747423 mins

$Optim
$Optim$par
 [1] -0.191038342 -0.331507105 -0.036604792  0.490015633  0.038777478 -0.004544747 -1.148169722  0.087407760 -1.321560134 -0.772014649 -0.019855262

$Optim$value
[1] 92.2179

$Optim$counts
function gradient 
      64       64 

$Optim$convergence
[1] 0

$Optim$message
[1] "CONVERGENCE: REL_REDUCTION_OF_F <= FACTR*EPSMCH"


$`Final Estimates`
 [1]  1.494974789 32.477041485  0.087231491  0.436308094  0.057274486  0.019876368 -0.006712609  0.011663141  0.020602621  0.017481460  0.078685560

> (CovRes = CovStep())           # 44 sec
$Time
Time difference of 44.12764 secs

$`Standard Error`
 [1] 0.343329779 1.707724512 0.003845457 0.240759851 0.048796392 0.023296233 0.042579379 0.018214087 0.034838779 0.009644326 0.062764272

$`Covariance Matrix of Estimates`
               [,1]          [,2]          [,3]          [,4]          [,5]          [,6]          [,7]          [,8]          [,9]         [,10]         [,11]
 [1,]  0.1178753370  0.3257709609 -3.138296e-04  0.0449271375  4.649891e-03 -1.585087e-03 -1.321613e-03  9.423561e-04 -4.880641e-04 -3.309453e-04  5.763975e-04
 [2,]  0.3257709609  2.9163230078  9.528463e-04  0.0117646115 -2.895743e-02 -8.204088e-03  2.199671e-02  4.704626e-03 -1.907621e-02  2.407268e-03 -4.034102e-02
 [3,] -0.0003138296  0.0009528463  1.478754e-05 -0.0003818976 -6.588987e-05 -8.255648e-06  9.812688e-05 -3.935965e-06 -8.911725e-05  1.802441e-05 -1.528631e-04
 [4,]  0.0449271375  0.0117646115 -3.818976e-04  0.0579653056  8.592005e-03  1.760737e-04 -5.043072e-03  8.179267e-04  2.587164e-03 -1.499431e-03  8.922786e-03
 [5,]  0.0046498909 -0.0289574329 -6.588987e-05  0.0085920048  2.381088e-03  6.754867e-04 -4.131683e-04 -3.910530e-04  9.992286e-04 -3.528927e-04  1.934613e-03
 [6,] -0.0015850872 -0.0082040885 -8.255648e-06  0.0001760737  6.754867e-04  5.427145e-04  3.708019e-04 -3.819689e-04  4.790779e-04 -1.223755e-04  4.362098e-04
 [7,] -0.0013216131  0.0219967109  9.812688e-05 -0.0050430722 -4.131683e-04  3.708019e-04  1.813004e-03 -4.546660e-04 -6.173928e-04  1.614071e-04 -1.919342e-03
 [8,]  0.0009423561  0.0047046258 -3.935965e-06  0.0008179267 -3.910530e-04 -3.819689e-04 -4.546660e-04  3.317530e-04 -2.762646e-04  5.439237e-05 -3.893778e-05
 [9,] -0.0004880641 -0.0190762111 -8.911725e-05  0.0025871642  9.992286e-04  4.790779e-04 -6.173928e-04 -2.762646e-04  1.213741e-03 -2.468340e-04  1.842491e-03
[10,] -0.0003309453  0.0024072682  1.802441e-05 -0.0014994314 -3.528927e-04 -1.223755e-04  1.614071e-04  5.439237e-05 -2.468340e-04  9.301303e-05 -4.670010e-04
[11,]  0.0005763975 -0.0403410196 -1.528631e-04  0.0089227863  1.934613e-03  4.362098e-04 -1.919342e-03 -3.893778e-05  1.842491e-03 -4.670010e-04  3.939354e-03

$`Correlation Matrix of Estimates`
             [,1]        [,2]        [,3]        [,4]       [,5]        [,6]        [,7]        [,8]        [,9]      [,10]       [,11]
 [1,]  1.00000000  0.55562667 -0.23770290  0.54351710  0.2775515 -0.19817825 -0.09040523  0.15069408 -0.04080397 -0.0999477  0.02674842
 [2,]  0.55562667  1.00000000  0.14509654  0.02861381 -0.3474998 -0.20621812  0.30251061  0.15125156 -0.32063534  0.1461621 -0.37637135
 [3,] -0.23770290  0.14509654  1.00000000 -0.41249143 -0.3511422 -0.09215470  0.59929505 -0.05619476 -0.66519790  0.4860056 -0.63334764
 [4,]  0.54351710  0.02861381 -0.41249143  1.00000000  0.7313457  0.03139242 -0.49193962  0.18651893  0.30844448 -0.6457593  0.59047828
 [5,]  0.27755150 -0.34749978 -0.35114216  0.73134574  1.0000000  0.59421474 -0.19885656 -0.43998764  0.58777920 -0.7498650  0.63167529
 [6,] -0.19817825 -0.20621812 -0.09215470  0.03139242  0.5942147  1.00000000  0.37381514 -0.90019155  0.59027930 -0.5446745  0.29833020
 [7,] -0.09040523  0.30251061  0.59929505 -0.49193962 -0.1988566  0.37381514  1.00000000 -0.58625389 -0.41619732  0.3930534 -0.71819203
 [8,]  0.15069408  0.15125156 -0.05619476  0.18651893 -0.4399876 -0.90019155 -0.58625389  1.00000000 -0.43536634  0.3096412 -0.03406052
 [9,] -0.04080397 -0.32063534 -0.66519790  0.30844448  0.5877792  0.59027930 -0.41619732 -0.43536634  1.00000000 -0.7346325  0.84261639
[10,] -0.09994770  0.14616210  0.48600557 -0.64575926 -0.7498650 -0.54467452  0.39305337  0.30964117 -0.73463251  1.0000000 -0.77149557
[11,]  0.02674842 -0.37637135 -0.63334764  0.59047828  0.6316753  0.29833020 -0.71819203 -0.03406052  0.84261639 -0.7714956  1.00000000

$`Inverse Covariance Matrix of Estimates`
             [,1]        [,2]        [,3]         [,4]         [,5]         [,6]         [,7]         [,8]         [,9]        [,10]         [,11]
 [1,]    94.14289  -18.830548   1899.3717    245.13146   -2089.2012    2205.5812   -1246.1980   -3282.9932   -1110.1206     946.9483     85.491350
 [2,]   -18.83055    4.938307   -398.6819    -62.25571     487.9919    -444.4382     228.8356     696.0226     193.7887    -155.9925     -2.328671
 [3,]  1899.37167 -398.681855 249350.3935   5572.98931  -38648.4406   44370.0303  -25711.0044  -31002.1363   16402.0735   18774.0536 -11520.049158
 [4,]   245.13146  -62.255707   5572.9893   2508.34554  -16016.3036   15507.6414  -15322.0809  -42102.3030  -12555.0360   23046.3302    732.606563
 [5,] -2089.20123  487.991905 -38648.4406 -16016.30362  108118.3489 -105052.6212   97740.3736  269766.8179   83750.8997 -135931.4313  -6381.447289
 [6,]  2205.58120 -444.438161  44370.0303  15507.64141 -105052.6212  128285.3786 -104612.4173 -252309.1008  -84958.2522  151141.7351   3298.606010
 [7,] -1246.19795  228.835611 -25711.0044 -15322.08095   97740.3736 -104612.4173  114145.6487  293594.5831   93543.9045 -166749.9752  -5186.482194
 [8,] -3282.99320  696.022606 -31002.1363 -42102.30301  269766.8179 -252309.1008  293594.5831  819835.8823  259111.9627 -433959.0439 -24261.088086
 [9,] -1110.12057  193.788688  16402.0735 -12555.03598   83750.8997  -84958.2522   93543.9045  259111.9627   93296.2109 -135245.1663 -12032.509110
[10,]   946.94833 -155.992459  18774.0536  23046.33017 -135931.4313  151141.7351 -166749.9752 -433959.0439 -135245.1663  310124.4660  11298.204758
[11,]    85.49135   -2.328671 -11520.0492    732.60656   -6381.4473    3298.6060   -5186.4822  -24261.0881  -12032.5091   11298.2048   5080.122399

$`Eigen Values`
 [1] 0.0009904174 0.0157407843 0.0315747784 0.0500147198 0.1104912531 0.2311610462 0.4827072872 0.8339135712 1.7444213270 2.6912515128 4.8077333025

$`R Matrix`
             [,1]        [,2]        [,3]         [,4]         [,5]        [,6]         [,7]         [,8]         [,9]       [,10]         [,11]
 [1,]  18.8012513  -2.2046769   225.77985   -0.1465552   -12.697216    30.09319    10.163606   -10.537708    -4.026268   110.69792    -4.0238297
 [2,]  -2.2046769   0.6645096   -33.05175   -0.4589011     5.717464   -10.42819    -2.604094     4.721981     1.965032   -27.44913    -0.6323363
 [3,] 225.7798537 -33.0517452 43162.57613  149.0174270 -1420.263179  2285.54968   655.354071  -552.467797  -842.544724  3028.27516    26.2216279
 [4,]  -0.1465552  -0.4589011   149.01743   66.8376280  -341.808878   370.51250   107.530485  -201.888625    59.951772   173.22199    13.9710247
 [5,] -12.6972163   5.7174640 -1420.26318 -341.8088779  3033.820347 -4764.96585  -400.048865  1799.598586  -358.198859 -1606.44412  -339.9054732
 [6,]  30.0931922 -10.4281894  2285.54968  370.5125005 -4764.965849 15847.46070   541.777435 -2001.858260   625.019739  5561.25552   423.5421370
 [7,]  10.1636059  -2.6040938   655.35407  107.5304852  -400.048865   541.77743  -183.299877 -2671.889440  1301.517689  1290.60030  -539.4347448
 [8,] -10.5377078   4.7219807  -552.46780 -201.8886249  1799.598586 -2001.85826 -2671.889440 18626.548357 -3025.249423 -6379.98554 -1379.1361586
 [9,]  -4.0262676   1.9650324  -842.54472   59.9517718  -358.198859   625.01974  1301.517689 -3025.249423  5320.516803  2955.83753    32.9449730
[10,] 110.6979157 -27.4491261  3028.27516  173.2219875 -1606.444117  5561.25552  1290.600300 -6379.985542  2955.837533 87787.85042  6295.2005997
[11,]  -4.0238297  -0.6323363    26.22163   13.9710247  -339.905473   423.54214  -539.434745 -1379.136159    32.944973  6295.20060  1141.7530516

$`S Matrix`
             [,1]         [,2]         [,3]         [,4]         [,5]          [,6]          [,7]          [,8]         [,9]       [,10]       [,11]
 [1,]   21.878934   -2.1617003    229.27742    -7.199371    170.56370 -4.178049e+02      4.765143     113.99406   -125.37888    341.3618   -39.56629
 [2,]   -2.161700    0.6399393    -26.46949     2.736611    -19.54625  9.290376e+00     -8.162832      58.94343    -13.28582   -159.6080   -10.41304
 [3,]  229.277419  -26.4694915  41684.25900   207.472758  -1573.06979  5.438497e+03  -1021.427808   -3479.73701 -16105.78614  36661.4858 -6012.33259
 [4,]   -7.199371    2.7366114    207.47276    67.475499   -576.10963  1.676693e+03    270.481581   -2109.52518    765.13196   -753.6091  -136.55060
 [5,]  170.563699  -19.5462485  -1573.06979  -576.109625   7666.82628 -2.474304e+04  -3868.833771   31171.16279 -12057.77607  -5019.1061    97.67359
 [6,] -417.804918    9.2903759   5438.49660  1676.692630 -24743.03593  8.827955e+04  15016.112562 -119026.38370  45682.84796  18856.8584   294.84733
 [7,]    4.765143   -8.1628323  -1021.42781   270.481581  -3868.83377  1.501611e+04   3568.984452  -25353.27346  10845.00780   1460.2168   239.38049
 [8,]  113.994065   58.9434284  -3479.73701 -2109.525185  31171.16279 -1.190264e+05 -25353.273459  192088.63498 -76483.63877 -25058.1180 -1640.05163
 [9,] -125.378884  -13.2858239 -16105.78614   765.131964 -12057.77607  4.568285e+04  10845.007796  -76483.63877  39750.38548  -1104.7602  4387.70032
[10,]  341.361817 -159.6079690  36661.48584  -753.609076  -5019.10613  1.885686e+04   1460.216760  -25058.11800  -1104.76021 269888.0254 10736.59821
[11,]  -39.566288  -10.4130449  -6012.33259  -136.550596     97.67359  2.948473e+02    239.380485   -1640.05163   4387.70032  10736.5982  2910.02752

> get("EBE", envir=e)
      ID        ETA1         ETA2        ETA3
 [1,]  1 -0.10361292 -0.189504564 -0.28607395
 [2,]  2  0.32434954  0.053294894  0.04929985
 [3,]  3  0.40803800  0.043017291 -0.01149354
 [4,]  4 -0.34878462 -0.043316185  0.01738899
 [5,]  5 -0.03825963 -0.113144994 -0.08863039
 [6,]  6 -0.47062580  0.141619305  0.22607823
 [7,]  7 -0.86139676  0.004170484  0.14363054
 [8,]  8 -0.06467024  0.073393571  0.07395254
 [9,]  9  1.33278679  0.177009317 -0.01293165
[10,] 10 -0.71598357 -0.215304184 -0.14856754
[11,] 11  0.86293823  0.175661628  0.07864954
[12,] 12 -0.50731227 -0.140550420 -0.01879042
> TabStep()
    ID  TIME    DV     PRED         RES          WRES    CIPREDI       CIRESI       CWRES          G1          G2          G3         H1 H2
1    1  0.00  0.74 0.000000  0.74000000  2.6380571437  0.0000000  0.740000000  2.63805714  0.00000000   0.0000000  0.00000000  0.0000000  1
2    1  0.25  2.84 3.037340 -0.19734032 -1.1858263443  3.3773879 -0.537387920 -1.08121509  2.83871980  -3.3773879 -0.02914014  3.3773879  1
3    1  0.57  6.57 5.493329  1.07667051  0.4352783648  6.2527637  0.317236282  0.39820297  4.14090056  -6.2527637 -0.13087529  6.2527637  1
4    1  1.12 10.50 7.528564  2.97143632  1.8244315638  8.8653213  1.634678674  1.57642115  3.72309577  -8.8653213 -0.40064202  8.8653213  1
5    1  2.02  9.66 8.262481  1.39751890  0.0483190874 10.1431687 -0.483168722  0.06727031  1.72083353 -10.1431687 -0.93315746 10.1431687  1
6    1  3.82  8.58 7.463728  1.11627213 -0.3888360643  9.6728680 -1.092868002 -0.24667734 -0.12005965  -9.6728680 -1.94520349  9.6728680  1
7    1  5.10  8.36 6.701062  1.65893789  0.1073331501  8.9485226 -0.588522632  0.15421856 -0.36828792  -8.9485226 -2.53760823  8.9485226  1
8    1  7.03  7.47 5.666781  1.80321889  0.2767521680  7.8958865 -0.425886505  0.29087252 -0.39439964  -7.8958865 -3.23432663  7.8958865  1
9    1  9.05  6.89 4.751503  2.13849665  0.8292755014  6.9177186 -0.027718607  0.68854699 -0.35274345  -6.9177186 -3.74898496  6.9177186  1
10   1 12.12  5.94 3.635197  2.30480311  1.4591972007  5.6571556  0.282844424  1.09935722 -0.28907872  -5.6571556 -4.20387752  5.6571556  1
11   1 24.37  3.28 1.248668  2.03133180  3.4024515687  2.5349964  0.745003593  2.37234054 -0.12954482  -2.5349964 -3.91869131  2.5349964  1
12   2  0.00  0.00 0.000000  0.00000000  0.0000000000  0.0000000  0.000000000  0.00000000  0.00000000   0.0000000  0.00000000  0.0000000  1
13   2  0.27  1.72 3.231602 -1.51160221 -3.7639582172  3.9429716 -2.222971556 -3.03599716  2.93972319  -3.9429716 -0.05309725  3.9429716  1
14   2  0.52  7.91 5.190477  2.71952317  2.9717504142  5.9846653  1.925334658  2.79588637  3.30879337  -5.9846653 -0.16659419  5.9846653  1
